Entdeckung: 48 Tests | Ø > 0: 13 | t >= 2: 0 | t >= 3: 0
                                     avg                      n                      t           
per                          Bestätigung Entdeckung Bestätigung Entdeckung Bestätigung Entdeckung
sig      q    h  asset                                                                           
GPRD     0.95 5  Gold              -0.14       0.21        45.0       22.0       -0.40       0.28
                 Rohöl              0.35      -2.06        45.0       22.0        0.58      -1.34
                 Rüstung ITA       -0.21      -1.11        45.0       11.0       -0.58      -1.30
                 S&P 500           -0.14      -0.11        45.0       59.0       -0.47      -0.36
              20 Gold              -0.31       0.33        45.0       22.0       -0.63       0.29
                 Rohöl              0.08      -2.55        45.0       22.0        0.06      -1.08
                 Rüstung ITA       -0.51       1.28        45.0       11.0       -0.93       0.71
                 S&P 500           -0.31       0.66        45.0       59.0       -0.57       1.06
              60 Gold              -1.16       0.33        45.0       22.0       -1.03       0.16
                 Rohöl              1.07      -3.03        45.0       22.0        0.32      -0.79
                 Rüstung ITA       -0.65       0.63        45.0       11.0       -0.44       0.23
                 S&P 500           -0.64       0.99        45.0       59.0       -0.61       1.06
         0.99 5  Gold              -0.20      -0.50        32.0       16.0       -0.50      -0.60
                 Rohöl             -1.24      -3.33        32.0       16.0       -1.54      -1.75
                 Rüstung ITA       -0.26       0.29        32.0        8.0       -0.63       0.21
                 S&P 500           -0.07      -0.39        32.0       38.0       -0.31      -0.83
              20 Gold              -1.04       0.78        32.0       16.0       -2.02       0.60
                 Rohöl             -2.62      -1.39        32.0       16.0       -1.42      -0.44
                 Rüstung ITA       -0.47      -0.07        32.0        8.0       -0.63      -0.04
                 S&P 500           -0.30      -0.78        32.0       38.0       -0.57      -1.10
              60 Gold              -0.63      -0.24        32.0       16.0       -0.49      -0.13
                 Rohöl             -0.42      -4.79        32.0       16.0       -0.12      -1.14
                 Rüstung ITA       -1.25      -0.35        32.0        8.0       -0.69      -0.10
                 S&P 500           -0.33       0.79        32.0       38.0       -0.26       0.68
GPRD_ACT 0.95 5  Gold               0.74       0.43        46.0       19.0        2.39       0.56
                 Rohöl              0.29       0.18        46.0       20.0        0.41       0.13
                 Rüstung ITA        0.11      -0.62        46.0       11.0        0.26      -0.55
                 S&P 500            0.09      -0.52        46.0       55.0        0.32      -1.62
              20 Gold               0.36      -1.50        46.0       19.0        0.72      -1.47
                 Rohöl              2.38      -2.87        46.0       20.0        1.47      -1.00
                 Rüstung ITA        0.00      -1.71        46.0       11.0        0.01      -0.72
                 S&P 500           -0.06      -0.70        46.0       55.0       -0.11      -0.97
              60 Gold               0.40      -2.32        46.0       19.0        0.33      -1.29
                 Rohöl              2.87      -4.59        46.0       20.0        1.05      -0.88
                 Rüstung ITA        1.30      -2.08        46.0       11.0        1.20      -0.55
                 S&P 500            0.79       0.03        46.0       55.0        0.93       0.02
         0.99 5  Gold               0.59      -0.89        24.0       12.0        1.09      -0.87
                 Rohöl              0.79      -1.47        24.0       12.0        0.94      -0.62
                 Rüstung ITA        1.01      -0.38        24.0        5.0        1.66      -0.39
                 S&P 500            0.59      -0.79        24.0       31.0        1.72      -2.23
              20 Gold              -0.01      -1.99        24.0       12.0       -0.01      -1.24
                 Rohöl             -0.61      -2.11        24.0       12.0       -0.26      -0.60
                 Rüstung ITA        0.74      -0.88        24.0        5.0        0.60      -0.76
                 S&P 500            0.25      -0.90        24.0       31.0        0.38      -1.13
              60 Gold               0.87      -2.74        24.0       12.0        0.49      -1.21
                 Rohöl             -1.20     -10.24        24.0       12.0       -0.25      -1.70
                 Rüstung ITA        0.56      -5.67        24.0        5.0        0.24      -0.67
                 S&P 500           -0.53      -1.31        24.0       31.0       -0.36      -0.72

--- Zählende Auswahl (n >= 15, Ø > 0, t >= 3): 0
  keine -> RUNDE NICHT BESTANDEN
